22
0 1 0 1 -1 0 0 0 
1 1 1 1 0 0.046151 0.004142 0.001146 
2 1 2 1 1 0.065347 -4.4e-05        0 
3 1 3 1 2 0.061183    9e-06    1e-06 
4 1 4 1 3  0.063782 -0.034873  0.072939 
5 1 5 1 4 0.066079        0 -5.8e-05 
6 1 6 1 5 0.145537        0        0 
7 1 7 1 6 0.208856    2e-06    6e-06 
8 1 8 1 3   0.11273 -0.003215         0 
9 1 9 1 8 0.100779        0    1e-06 
10 0 10 1 3  0.063783 -0.034875  -0.07294 
11 1 14 1 0 -0.046151 -0.004141  0.095822 
12 1 15 1 11 0.200284    1e-06        0 
13 1 16 1 12 0.244988    1e-06        0 
14 1 17 1 13  0.023636  0.165629 -0.000468 
15 1 18 1 0 -0.046151 -0.004142 -0.095821 
16 1 19 1 15 0.200285    2e-06        0 
17 1 20 1 16 0.244989    9e-06        0 
18 1 21 1 17 0.023636 0.165629 0.000468 
19 0 11 1 10 0.145855    2e-06    6e-06 
20 0 12 1 19 0.171362    1e-06        0 
21 0 13 1 20 0.194967 -1.8e-05    3e-06 
0
